/* -*- Mode: Javascript; tab-width: 4; indent-tabs-mode: nil; c-basic-offset: 4 -*- */
{
    "io":
    {
        "footpedals": "io/sawRobotIO1394-MTML-foot-pedals.xml"
    }
    ,    
    "arms":
    [
        {
            "name": "ECM",
            "type": "ECM",
            "serial": "37059"
        }
        ,        
        {
            "name": "PSM1",
            "type": "PSM",
            "serial": "26782",
            "base-frame": {
             "reference-frame": "ECM",
             "transform":    [[  1.0,  0.0,          0.0,         -0.20],
                              [  0.0, -0.866025404,  0.5,          0.0 ],
                              [  0.0, -0.5,         -0.866025404,  0.0 ],
                              [  0.0,  0.0,          0.0,          1.0 ]]
            }
        }
        ,
        {
            "name": "PSM3",
            "type": "PSM",
            "serial": "25389",
            "base-frame": {
                "reference-frame": "ECM",
                 "transform":    [[  1.0,  0.0,          0.0,         -0.20],
                              [  0.0, -0.866025404,  0.5,          0.0 ],
                              [  0.0, -0.5,         -0.866025404,  0.0 ],
                              [  0.0,  0.0,          0.0,          1.0 ]]
            }
        }
        ,
        {
            "name": "MTMR",
            "type": "MTM",
            "serial": "81503",
            "base-frame": {
                "reference-frame": "HRSV",
                "transform": [[ -1.0,  0.0,          0.0,         -0.180],
                              [  0.0,  0.866025404,  0.5,          0.400],
                              [  0.0,  0.5,         -0.866025404,  0.475],
                              [  0.0,  0.0,          0.0,          1.0]]
            }
        }
        ,
        {
            "name": "MTML",
            "type": "MTM",
            "serial": "76673",
             "base-frame": {
                "reference-frame": "HRSV",
                "transform": [[ -1.0,  0.0,          0.0,          0.180],
                              [  0.0,  0.866025404,  0.5,          0.400],
                              [  0.0,  0.5,         -0.866025404,  0.475],
                              [  0.0,  0.0,          0.0,          1.0]]
            }
        }
    ]
    ,
    "ecm-teleop":
    {
        "mtm-left": "MTML",
        "mtm-right": "MTMR",
        "ecm": "ECM"
    }
    ,
    "psm-teleops":
    [
        {
            "mtm": "MTMR",
            "psm": "PSM1"
        }
        ,
        {
            "mtm": "MTML",
            "psm": "PSM3"
        }
    ]
}
