/* -*- Mode: Javascript; tab-width: 4; indent-tabs-mode: nil; c-basic-offset: 4 -*- */
{
    "io":
    {
        "footpedals": "io/sawRobotIO1394-MTML-foot-pedals.xml"
    }
    ,    
    "arms":
    [
        {
            "name": "ECM",
            "type": "ECM",
            "serial": "37059"
        }
        ,        
        {
            "name": "PSM1",
            "type": "PSM",
            "serial": "26782",
            "base-frame": {
             "reference-frame": "ECM",
             "transform":    [[  -0.5735764364,  -0.8191520443, 0.0000000000, -0.20],
                              [  -0.8191520443,  0.5735764364, 0.0000000000, 0.0 ],
                              [  0.0000000000,  0.0000000000, -1.0000000000, 0.0 ],
                              [  0.0,  0.0,          0.0,          1.0 ]]
            }
        }
        ,
        {
            "name": "PSM3",
            "type": "PSM",
            "serial": "25389",
            "base-frame": {
                "reference-frame": "ECM",
                 "transform":    [[  -0.9948294479,  0.0870362988, 0.0523359562, 0.20],
                                  [  0.0897649282,  0.9945907237, 0.0522642316, 0.0 ],
                                  [  -0.0475039713,  0.0566919301, -0.9972609477, 0.0 ],
                                  [  0.0,  0.0,          0.0,          1.0 ]]
            }
        }
        ,
        {
            "name": "MTMR",
            "type": "MTM",
            "serial": "81503",
            "base-frame": {
                "reference-frame": "HRSV",
                "transform": [[ -1.0,  0.0,          0.0,         -0.180],
                              [  0.0,  0.866025404,  0.5,          0.400],
                              [  0.0,  0.5,         -0.866025404,  0.475],
                              [  0.0,  0.0,          0.0,          1.0]]
            }
        }
        ,
        {
            "name": "MTML",
            "type": "MTM",
            "serial": "76673",
             "base-frame": {
                "reference-frame": "HRSV",
                "transform": [[ -1.0,  0.0,          0.0,          0.180],
                              [  0.0,  0.866025404,  0.5,          0.400],
                              [  0.0,  0.5,         -0.866025404,  0.475],
                              [  0.0,  0.0,          0.0,          1.0]]
            }
        }
    ]
    ,
    "ecm-teleop":
    {
        "mtm-left": "MTML",
        "mtm-right": "MTMR",
        "ecm": "ECM"
    }
    ,
    "psm-teleops":
    [
        {
            "mtm": "MTMR",
            "psm": "PSM3"
        }
        ,
        {
            "mtm": "MTML",
            "psm": "PSM1"
        }
    ]
}
